1:ItNr	2:Metric	3:StepSize	4:||Gradient||	Time[ms]
0	-0.962960	1.000000	0.001084	2.4
1	-0.964015	1.000000	0.001023	0.7
2	-0.965008	1.000000	0.000964	0.7
3	-0.965942	1.000000	0.000904	0.7
4	-0.966818	1.000000	0.000847	0.8
5	-0.967633	1.000000	0.000786	0.7
6	-0.968390	1.000000	0.000728	0.7
7	-0.969079	1.000000	0.000676	0.7
8	-0.969706	1.000000	0.000624	0.7
9	-0.970283	1.000000	0.000575	0.8
10	-0.970836	1.000000	0.000530	0.7
11	-0.971333	1.000000	0.000488	0.7
12	-0.971801	1.000000	0.000451	0.7
13	-0.972224	1.000000	0.000418	0.7
14	-0.972617	1.000000	0.000389	0.7
15	-0.972992	1.000000	0.000364	0.8
16	-0.973329	1.000000	0.000342	0.9
17	-0.973651	1.000000	0.000322	1.0
18	-0.973965	1.000000	0.000306	0.8
19	-0.974263	1.000000	0.000292	0.7
20	-0.974538	1.000000	0.000278	0.7
21	-0.974804	1.000000	0.000265	0.7
22	-0.975064	1.000000	0.000254	0.7
23	-0.975303	1.000000	0.000243	0.8
24	-0.975541	1.000000	0.000233	0.8
25	-0.975782	1.000000	0.000224	0.8
26	-0.975996	1.000000	0.000216	0.7
27	-0.976206	1.000000	0.000208	0.7
28	-0.976411	1.000000	0.000200	0.7
29	-0.976607	1.000000	0.000194	0.7
30	-0.976798	1.000000	0.000187	0.7
31	-0.976981	1.000000	0.000180	0.7
32	-0.977153	1.000000	0.000175	0.7
33	-0.977334	1.000000	0.000170	0.7
34	-0.977502	1.000000	0.000166	0.7
35	-0.977673	1.000000	0.000161	0.7
36	-0.977832	1.000000	0.000157	0.9
37	-0.977987	1.000000	0.000153	0.8
38	-0.978138	1.000000	0.000149	1.1
39	-0.978286	1.000000	0.000146	0.9
40	-0.978430	1.000000	0.000143	0.8
41	-0.978571	1.000000	0.000140	0.7
42	-0.978717	1.000000	0.000137	0.7
43	-0.978859	1.000000	0.000134	0.7
44	-0.978992	1.000000	0.000131	0.7
45	-0.979127	1.000000	0.000129	0.8
46	-0.979255	1.000000	0.000127	0.7
47	-0.979395	1.000000	0.000125	0.9
48	-0.979518	1.000000	0.000122	0.7
49	-0.979647	1.000000	0.000120	0.8
50	-0.979766	1.000000	0.000118	0.7
51	-0.979894	1.000000	0.000115	0.7
52	-0.980008	1.000000	0.000113	0.7
53	-0.980120	1.000000	0.000111	0.8
54	-0.980230	1.000000	0.000109	0.7
55	-0.980338	1.000000	0.000107	0.6
56	-0.980449	1.000000	0.000105	0.7
57	-0.980552	1.000000	0.000103	0.8
58	-0.980654	1.000000	0.000101	0.8
59	-0.980760	1.000000	0.000099	1.0
60	-0.980864	1.000000	0.000097	0.8
61	-0.980960	1.000000	0.000095	0.7
62	-0.981060	1.000000	0.000093	0.7
63	-0.981152	1.000000	0.000091	0.7
64	-0.981242	1.000000	0.000089	0.7
65	-0.981331	1.000000	0.000088	0.7
66	-0.981418	1.000000	0.000086	0.7
67	-0.981503	1.000000	0.000084	0.7
68	-0.981586	1.000000	0.000082	0.7
69	-0.981667	1.000000	0.000081	0.7
70	-0.981747	1.000000	0.000079	0.8
71	-0.981825	1.000000	0.000077	0.7
72	-0.981901	1.000000	0.000075	0.7
73	-0.981976	1.000000	0.000074	0.7
74	-0.982049	1.000000	0.000072	0.8
75	-0.982120	1.000000	0.000071	0.7
76	-0.982190	1.000000	0.000069	0.7
77	-0.982258	1.000000	0.000068	0.7
78	-0.982326	1.000000	0.000067	0.9
79	-0.982391	1.000000	0.000065	1.0
80	-0.982455	1.000000	0.000063	0.9
81	-0.982518	1.000000	0.000062	0.7
82	-0.982579	1.000000	0.000060	0.7
83	-0.982639	1.000000	0.000059	0.7
84	-0.982697	1.000000	0.000058	0.7
85	-0.982754	1.000000	0.000057	0.7
86	-0.982810	1.000000	0.000056	0.8
87	-0.982865	1.000000	0.000055	0.7
88	-0.982919	1.000000	0.000053	0.7
89	-0.982971	1.000000	0.000052	0.7
90	-0.983022	1.000000	0.000051	0.7
91	-0.983072	1.000000	0.000050	0.8
92	-0.983122	1.000000	0.000049	0.7
93	-0.983170	1.000000	0.000048	0.9
94	-0.983217	1.000000	0.000047	0.9
95	-0.983262	1.000000	0.000046	0.7
96	-0.983307	1.000000	0.000046	0.7
97	-0.983351	1.000000	0.000045	0.7
98	-0.983394	1.000000	0.000045	0.7
99	-0.983435	1.000000	0.000046	0.9
100	-0.983472	1.000000	0.000049	0.9
101	-0.983506	1.000000	0.000052	1.0
102	-0.983537	1.000000	0.000054	0.7
103	-0.983567	1.000000	0.000056	0.7
104	-0.983595	0.500000	0.000057	0.7
105	-0.983616	0.500000	0.000039	0.7
106	-0.983635	0.500000	0.000039	0.7
107	-0.983655	0.500000	0.000039	0.7
108	-0.983674	0.500000	0.000038	0.7
109	-0.983693	0.500000	0.000038	0.7
110	-0.983712	0.500000	0.000038	0.7
111	-0.983731	0.500000	0.000038	0.7
112	-0.983750	0.500000	0.000037	0.7
113	-0.983762	0.500000	0.000037	0.7
114	-0.983781	0.500000	0.000037	0.7
115	-0.983799	0.500000	0.000036	0.7
116	-0.983817	0.500000	0.000037	0.7
117	-0.983836	0.500000	0.000036	0.7
118	-0.983853	0.500000	0.000036	0.7
119	-0.983871	0.500000	0.000035	0.7
120	-0.983889	0.500000	0.000035	0.7
121	-0.983906	0.500000	0.000035	0.8
122	-0.983923	0.500000	0.000035	0.8
123	-0.983941	0.500000	0.000035	1.0
124	-0.983958	0.500000	0.000035	0.7
125	-0.983975	0.500000	0.000034	0.7
126	-0.983992	0.500000	0.000034	0.8
127	-0.984010	0.500000	0.000034	0.8
128	-0.984027	0.500000	0.000034	0.8
129	-0.984038	0.500000	0.000034	0.8
130	-0.984055	0.500000	0.000034	0.8
131	-0.984071	0.500000	0.000033	0.8
132	-0.984088	0.500000	0.000033	0.7
133	-0.984104	0.500000	0.000033	0.8
134	-0.984121	0.500000	0.000033	0.7
135	-0.984137	0.500000	0.000033	0.7
136	-0.984153	0.500000	0.000032	0.7
137	-0.984170	0.500000	0.000032	0.7
138	-0.984186	0.500000	0.000032	0.7
139	-0.984202	0.500000	0.000032	0.8
140	-0.984218	0.500000	0.000032	0.7
141	-0.984234	0.500000	0.000032	0.8
142	-0.984250	0.500000	0.000031	0.8
143	-0.984265	0.500000	0.000031	0.9
144	-0.984281	0.500000	0.000031	1.2
145	-0.984296	0.500000	0.000031	0.9
146	-0.984311	0.500000	0.000031	0.8
147	-0.984327	0.500000	0.000031	0.7
148	-0.984342	0.500000	0.000030	0.7
149	-0.984357	0.500000	0.000030	0.7
150	-0.984372	0.500000	0.000030	0.7
151	-0.984387	0.500000	0.000030	0.7
152	-0.984402	0.500000	0.000030	0.7
153	-0.984417	0.500000	0.000030	0.8
154	-0.984432	0.500000	0.000030	0.8
155	-0.984447	0.500000	0.000030	0.8
156	-0.984462	0.500000	0.000030	0.7
157	-0.984471	0.500000	0.000030	0.8
158	-0.984486	0.500000	0.000030	0.7
159	-0.984500	0.500000	0.000030	0.7
160	-0.984515	0.500000	0.000029	0.8
161	-0.984530	0.500000	0.000029	0.7
162	-0.984544	0.500000	0.000029	0.7
163	-0.984558	0.500000	0.000029	0.8
164	-0.984573	0.500000	0.000029	0.8
165	-0.984587	0.500000	0.000029	1.0
166	-0.984601	0.500000	0.000028	0.8
167	-0.984615	0.500000	0.000028	0.7
168	-0.984629	0.500000	0.000028	0.7
169	-0.984643	0.500000	0.000028	0.7
170	-0.984657	0.500000	0.000028	0.7
171	-0.984670	0.500000	0.000029	0.7
172	-0.984684	0.500000	0.000029	0.7
173	-0.984697	0.500000	0.000029	0.7
174	-0.984710	0.500000	0.000029	0.7
175	-0.984723	0.500000	0.000029	0.8
176	-0.984736	0.500000	0.000029	0.7
177	-0.984748	0.500000	0.000029	0.7
178	-0.984761	0.500000	0.000029	0.7
179	-0.984774	0.500000	0.000030	0.7
180	-0.984786	0.500000	0.000030	0.7
181	-0.984799	0.500000	0.000029	0.8
182	-0.984807	0.500000	0.000029	0.8
183	-0.984815	0.500000	0.000029	0.7
184	-0.984828	0.500000	0.000029	0.8
185	-0.984840	0.500000	0.000029	0.9
186	-0.984853	0.500000	0.000030	0.9
187	-0.984865	0.500000	0.000030	0.7
188	-0.984871	0.500000	0.000030	0.7
189	-0.984883	0.500000	0.000030	0.7
190	-0.984895	0.500000	0.000030	0.7
191	-0.984906	0.500000	0.000030	0.7
192	-0.984918	0.500000	0.000030	0.7
193	-0.984929	0.500000	0.000030	0.7
194	-0.984935	0.500000	0.000030	0.7
195	-0.984952	0.500000	0.000030	0.7
196	-0.984958	0.500000	0.000031	0.7
197	-0.984969	0.500000	0.000031	0.8
198	-0.984980	0.500000	0.000031	0.7
199	-0.984991	0.500000	0.000031	0.7
200	-0.985002	0.500000	0.000031	0.7
201	-0.985013	0.500000	0.000030	0.7
202	-0.985018	0.500000	0.000030	0.7
203	-0.985034	0.500000	0.000030	0.8
204	-0.985039	0.500000	0.000030	0.8
205	-0.985050	0.500000	0.000030	0.7
206	-0.985061	0.500000	0.000030	0.9
207	-0.985071	0.500000	0.000031	0.9
208	-0.985076	0.500000	0.000031	1.1
209	-0.985086	0.500000	0.000031	0.7
210	-0.985096	0.500000	0.000031	0.7
211	-0.985107	0.500000	0.000031	0.7
212	-0.985112	0.500000	0.000030	0.7
213	-0.985128	0.500000	0.000030	0.7
214	-0.985133	0.500000	0.000031	0.7
215	-0.985149	0.500000	0.000031	0.8
216	-0.985153	0.500000	0.000031	0.9
217	-0.985164	0.500000	0.000031	0.7
218	-0.985174	0.500000	0.000031	0.7
219	-0.985184	0.500000	0.000031	0.7
220	-0.985194	0.500000	0.000031	0.6
221	-0.985204	0.500000	0.000031	0.7
222	-0.985203	0.500000	0.000030	0.7
223	-0.985218	0.500000	0.000030	0.7
224	-0.985223	0.500000	0.000030	0.7
225	-0.985233	0.500000	0.000030	0.7
226	-0.985243	0.500000	0.000030	0.7
227	-0.985254	0.500000	0.000030	0.8
228	-0.985264	0.500000	0.000030	0.9
229	-0.985274	0.500000	0.000030	1.1
230	-0.985284	0.500000	0.000030	0.9
231	-0.985295	0.500000	0.000030	0.8
232	-0.985300	0.500000	0.000030	0.8
233	-0.985310	0.500000	0.000030	0.7
234	-0.985315	0.500000	0.000030	0.7
235	-0.985325	0.500000	0.000030	0.7
236	-0.985335	0.500000	0.000031	0.7
237	-0.985345	0.500000	0.000031	0.8
238	-0.985354	0.500000	0.000032	0.8
239	-0.985363	0.500000	0.000032	0.7
240	-0.985372	0.500000	0.000032	0.7
241	-0.985382	0.500000	0.000032	0.7
242	-0.985391	0.500000	0.000032	0.7
243	-0.985400	0.500000	0.000032	0.7
244	-0.985404	0.500000	0.000032	0.8
245	-0.985413	0.500000	0.000032	0.7
246	-0.985422	0.500000	0.000032	0.7
247	-0.985431	0.500000	0.000032	0.9
248	-0.985440	0.500000	0.000033	0.9
249	-0.985449	0.500000	0.000032	0.9
250	-0.985458	0.500000	0.000032	0.7
251	-0.985467	0.500000	0.000032	0.7
252	-0.985476	0.500000	0.000032	0.8
253	-0.985481	0.500000	0.000032	0.7
254	-0.985490	0.500000	0.000032	0.7
255	-0.985499	0.500000	0.000031	0.7
256	-0.985508	0.500000	0.000032	0.7
257	-0.985516	0.500000	0.000032	0.8
258	-0.985525	0.500000	0.000031	0.8
259	-0.985534	0.500000	0.000032	0.7
260	-0.985543	0.500000	0.000032	0.7
261	-0.985551	0.500000	0.000031	0.7
262	-0.985555	0.500000	0.000032	0.7
263	-0.985558	0.500000	0.000032	0.7
264	-0.985566	0.500000	0.000032	0.7
265	-0.985575	0.500000	0.000032	0.7
266	-0.985579	0.500000	0.000032	0.7
267	-0.985587	0.500000	0.000032	0.7
268	-0.985596	0.500000	0.000032	0.7
269	-0.985604	0.500000	0.000032	0.7
270	-0.985613	0.500000	0.000032	0.9
271	-0.985622	0.500000	0.000033	1.0
272	-0.985630	0.500000	0.000032	0.7
273	-0.985639	0.500000	0.000032	0.7
274	-0.985647	0.500000	0.000032	0.7
275	-0.985655	0.500000	0.000032	0.7
276	-0.985664	0.500000	0.000033	0.7
277	-0.985672	0.500000	0.000033	0.7
278	-0.985680	0.500000	0.000033	0.7
279	-0.985688	0.500000	0.000033	0.7
280	-0.985696	0.500000	0.000032	0.7
281	-0.985699	0.500000	0.000032	0.8
282	-0.985707	0.500000	0.000032	0.7
283	-0.985715	0.500000	0.000033	0.7
284	-0.985724	0.500000	0.000032	0.7
285	-0.985726	0.500000	0.000032	0.7
286	-0.985735	0.500000	0.000032	0.7
287	-0.985743	0.500000	0.000032	0.7
288	-0.985751	0.500000	0.000033	0.7
289	-0.985759	0.500000	0.000033	0.7
290	-0.985767	0.500000	0.000032	0.8
291	-0.985776	0.500000	0.000032	1.0
292	-0.985779	0.500000	0.000032	0.8
293	-0.985792	0.500000	0.000033	0.7
294	-0.985795	0.500000	0.000033	0.8
295	-0.985803	0.500000	0.000033	0.7
296	-0.985812	0.500000	0.000032	0.8
297	-0.985820	0.500000	0.000032	0.7
298	-0.985823	0.500000	0.000032	0.7
299	-0.985832	0.500000	0.000032	0.7
300	-0.985829	0.500000	0.000032	0.7
301	-0.985843	0.500000	0.000032	0.7
302	-0.985846	0.500000	0.000032	0.7
303	-0.985854	0.500000	0.000032	0.8
304	-0.985862	0.500000	0.000032	0.7
305	-0.985865	0.500000	0.000032	0.8
306	-0.985873	0.500000	0.000032	0.8
307	-0.985881	0.500000	0.000032	0.7
308	-0.985889	0.500000	0.000032	0.8
309	-0.985897	0.500000	0.000032	0.7
310	-0.985905	0.500000	0.000032	0.7
311	-0.985913	0.500000	0.000032	0.8
312	-0.985921	0.250000	0.000032	0.9
313	-0.985927	0.250000	0.000023	0.9
314	-0.985933	0.250000	0.000022	1.1
315	-0.985938	0.250000	0.000022	0.8
316	-0.985944	0.250000	0.000022	0.8
317	-0.985950	0.250000	0.000022	0.7
318	-0.985955	0.250000	0.000022	0.8
319	-0.985961	0.250000	0.000022	0.8
320	-0.985966	0.250000	0.000022	0.7
321	-0.985972	0.250000	0.000023	1.0
322	-0.985978	0.250000	0.000023	1.0
323	-0.985983	0.250000	0.000023	0.8
324	-0.985989	0.250000	0.000023	0.8
325	-0.985995	0.250000	0.000023	0.8
326	-0.986000	0.250000	0.000023	0.8
327	-0.986006	0.250000	0.000023	0.8
328	-0.986012	0.250000	0.000023	0.8
329	-0.986017	0.250000	0.000023	0.8
330	-0.986023	0.250000	0.000023	0.8
331	-0.986029	0.250000	0.000022	0.9
332	-0.986034	0.250000	0.000022	1.2
333	-0.986040	0.250000	0.000022	1.3
334	-0.986045	0.250000	0.000022	0.8
335	-0.986051	0.250000	0.000022	0.8
336	-0.986051	0.250000	0.000022	0.8
337	-0.986056	0.250000	0.000022	0.9
338	-0.986057	0.250000	0.000022	0.8
339	-0.986062	0.250000	0.000022	1.0
340	-0.986063	0.250000	0.000022	0.9
341	-0.986068	0.250000	0.000022	0.9
342	-0.986074	0.250000	0.000022	0.9
343	-0.986079	0.250000	0.000022	0.9
344	-0.986085	0.250000	0.000022	0.8
345	-0.986090	0.250000	0.000022	0.8
346	-0.986096	0.250000	0.000022	0.8
347	-0.986101	0.250000	0.000022	0.8
348	-0.986107	0.250000	0.000022	0.9
349	-0.986113	0.250000	0.000022	0.8
350	-0.986118	0.250000	0.000022	1.0
351	-0.986124	0.250000	0.000022	0.8
352	-0.986129	0.250000	0.000022	0.7
353	-0.986135	0.250000	0.000022	0.7
354	-0.986140	0.250000	0.000022	0.9
355	-0.986146	0.250000	0.000022	0.7
356	-0.986151	0.250000	0.000022	0.7
357	-0.986157	0.250000	0.000022	0.7
358	-0.986162	0.250000	0.000022	0.7
359	-0.986167	0.250000	0.000022	0.7
360	-0.986173	0.250000	0.000022	0.7
361	-0.986178	0.250000	0.000022	0.8
362	-0.986184	0.250000	0.000022	0.7
363	-0.986189	0.250000	0.000022	0.7
364	-0.986195	0.250000	0.000022	0.7
365	-0.986200	0.250000	0.000022	0.7
366	-0.986206	0.250000	0.000022	0.7
367	-0.986211	0.250000	0.000022	0.7
368	-0.986217	0.250000	0.000022	0.7
369	-0.986222	0.250000	0.000022	0.7
370	-0.986228	0.250000	0.000022	0.8
371	-0.986229	0.250000	0.000022	0.9
372	-0.986234	0.250000	0.000022	1.0
373	-0.986239	0.250000	0.000022	0.7
374	-0.986245	0.250000	0.000022	0.7
375	-0.986250	0.250000	0.000022	0.8
376	-0.986256	0.250000	0.000022	0.7
377	-0.986261	0.250000	0.000022	0.7
378	-0.986266	0.250000	0.000022	0.7
379	-0.986272	0.250000	0.000021	0.8
380	-0.986277	0.250000	0.000021	0.7
381	-0.986282	0.250000	0.000021	0.8
382	-0.986288	0.250000	0.000021	0.9
383	-0.986293	0.250000	0.000021	0.8
384	-0.986293	0.250000	0.000021	0.7
385	-0.986298	0.250000	0.000021	0.7
386	-0.986303	0.250000	0.000021	0.7
387	-0.986309	0.250000	0.000021	0.7
388	-0.986314	0.250000	0.000021	0.7
389	-0.986319	0.250000	0.000021	0.7
390	-0.986324	0.250000	0.000021	0.7
391	-0.986330	0.250000	0.000021	0.8
392	-0.986335	0.250000	0.000021	0.9
393	-0.986340	0.250000	0.000021	0.9
394	-0.986345	0.250000	0.000021	0.7
395	-0.986351	0.250000	0.000021	0.7
396	-0.986356	0.250000	0.000021	0.7
397	-0.986361	0.250000	0.000021	0.7
398	-0.986366	0.250000	0.000021	0.7
399	-0.986372	0.250000	0.000021	0.7
400	-0.986377	0.250000	0.000021	0.7
401	-0.986382	0.250000	0.000021	0.7
402	-0.986388	0.250000	0.000021	0.8
403	-0.986393	0.250000	0.000021	0.7
404	-0.986398	0.250000	0.000021	0.7
405	-0.986403	0.250000	0.000021	0.7
406	-0.986409	0.250000	0.000021	0.7
407	-0.986414	0.250000	0.000021	0.7
408	-0.986419	0.250000	0.000021	0.7
409	-0.986419	0.250000	0.000021	0.8
410	-0.986424	0.250000	0.000021	0.7
411	-0.986429	0.250000	0.000021	0.7
412	-0.986435	0.250000	0.000021	0.7
413	-0.986435	0.250000	0.000021	0.7
414	-0.986435	0.250000	0.000020	0.8
415	-0.986440	0.250000	0.000020	1.1
416	-0.986445	0.250000	0.000020	0.7
417	-0.986450	0.250000	0.000020	0.7
418	-0.986455	0.250000	0.000020	0.7
419	-0.986460	0.250000	0.000020	0.7
420	-0.986465	0.250000	0.000020	0.7
421	-0.986470	0.250000	0.000020	0.7
422	-0.986475	0.250000	0.000020	0.7
423	-0.986480	0.250000	0.000020	0.7
424	-0.986480	0.250000	0.000020	0.7
425	-0.986480	0.250000	0.000020	0.8
426	-0.986485	0.250000	0.000020	0.8
427	-0.986490	0.250000	0.000020	0.7
428	-0.986495	0.250000	0.000020	0.7
429	-0.986500	0.250000	0.000020	0.7
430	-0.986505	0.250000	0.000020	0.7
431	-0.986510	0.250000	0.000020	0.7
432	-0.986515	0.250000	0.000020	0.7
433	-0.986520	0.250000	0.000020	0.7
434	-0.986525	0.250000	0.000020	0.7
435	-0.986520	0.250000	0.000020	0.8
436	-0.986525	0.250000	0.000020	1.0
437	-0.986530	0.250000	0.000020	0.8
438	-0.986535	0.250000	0.000020	0.7
439	-0.986540	0.250000	0.000020	0.7
440	-0.986545	0.250000	0.000020	0.7
441	-0.986550	0.250000	0.000020	0.7
442	-0.986555	0.250000	0.000020	0.7
443	-0.986560	0.250000	0.000020	0.8
444	-0.986565	0.250000	0.000020	0.7
445	-0.986570	0.250000	0.000020	0.7
446	-0.986569	0.250000	0.000020	0.7
447	-0.986569	0.250000	0.000020	0.7
448	-0.986574	0.250000	0.000020	0.7
449	-0.986579	0.250000	0.000020	0.7
450	-0.986584	0.250000	0.000020	0.7
451	-0.986589	0.250000	0.000020	0.7
452	-0.986589	0.250000	0.000020	0.7
453	-0.986588	0.250000	0.000020	0.7
454	-0.986583	0.250000	0.000020	0.7
455	-0.986583	0.250000	0.000019	0.7
456	-0.986588	0.250000	0.000019	0.7
457	-0.986593	0.250000	0.000019	0.7
458	-0.986598	0.250000	0.000019	0.9
459	-0.986603	0.250000	0.000019	1.1
460	-0.986602	0.250000	0.000019	0.7
461	-0.986607	0.250000	0.000019	0.7
462	-0.986612	0.250000	0.000019	0.7
463	-0.986611	0.250000	0.000019	0.7
464	-0.986616	0.250000	0.000019	0.7
465	-0.986621	0.250000	0.000019	0.7
466	-0.986626	0.250000	0.000019	0.7
467	-0.986625	0.250000	0.000019	0.7
468	-0.986630	0.250000	0.000019	0.8
469	-0.986635	0.250000	0.000019	0.8
470	-0.986640	0.250000	0.000019	0.8
471	-0.986639	0.250000	0.000019	0.7
472	-0.986644	0.250000	0.000019	0.7
473	-0.986643	0.250000	0.000019	0.7
474	-0.986643	0.250000	0.000019	0.8
475	-0.986648	0.250000	0.000019	0.7
476	-0.986652	0.250000	0.000019	0.7
477	-0.986657	0.250000	0.000019	0.7
478	-0.986658	0.250000	0.000019	0.7
479	-0.986657	0.250000	0.000019	0.9
480	-0.986662	0.250000	0.000019	0.8
481	-0.986667	0.250000	0.000019	1.0
482	-0.986671	0.250000	0.000019	0.7
483	-0.986676	0.250000	0.000019	0.7
484	-0.986681	0.250000	0.000019	0.8
485	-0.986685	0.250000	0.000019	0.7
486	-0.986685	0.250000	0.000019	0.7
487	-0.986686	0.250000	0.000019	0.7
488	-0.986691	0.250000	0.000019	0.7
489	-0.986695	0.250000	0.000018	0.8
490	-0.986700	0.250000	0.000018	0.8
491	-0.986705	0.250000	0.000018	0.7
492	-0.986709	0.250000	0.000018	0.8
493	-0.986714	0.250000	0.000018	0.7
494	-0.986718	0.250000	0.000018	0.7
495	-0.986723	0.250000	0.000018	0.7
496	-0.986728	0.250000	0.000018	0.7
497	-0.986732	0.250000	0.000018	0.7
498	-0.986737	0.250000	0.000018	0.7
499	-0.986736	0.250000	0.000018	0.7
