1:ItNr	2:Metric	3:StepSize	4:||Gradient||	Time[ms]
0	-0.943567	1.000000	0.001540	1.5
1	-0.945048	1.000000	0.001420	0.7
2	-0.946401	1.000000	0.001287	0.7
3	-0.947626	1.000000	0.001161	0.7
4	-0.948723	1.000000	0.001034	0.7
5	-0.949713	1.000000	0.000939	0.7
6	-0.950581	1.000000	0.000834	0.7
7	-0.951360	1.000000	0.000737	0.7
8	-0.952057	1.000000	0.000665	0.7
9	-0.952704	1.000000	0.000630	0.8
10	-0.953322	1.000000	0.000604	0.8
11	-0.953917	1.000000	0.000580	0.7
12	-0.954490	1.000000	0.000573	0.8
13	-0.955039	1.000000	0.000548	0.7
14	-0.955583	1.000000	0.000537	0.7
15	-0.956133	1.000000	0.000551	0.7
16	-0.956675	1.000000	0.000535	0.7
17	-0.957211	1.000000	0.000531	0.7
18	-0.957730	1.000000	0.000510	0.9
19	-0.958224	1.000000	0.000505	0.9
20	-0.958729	1.000000	0.000503	0.7
21	-0.959220	1.000000	0.000480	0.7
22	-0.959691	1.000000	0.000462	0.7
23	-0.960136	1.000000	0.000452	0.7
24	-0.960568	1.000000	0.000438	0.7
25	-0.960996	1.000000	0.000419	0.8
26	-0.961395	1.000000	0.000407	0.7
27	-0.961795	1.000000	0.000393	0.8
28	-0.962178	1.000000	0.000375	0.8
29	-0.962545	1.000000	0.000360	0.9
30	-0.962872	1.000000	0.000345	0.8
31	-0.963196	1.000000	0.000328	0.8
32	-0.963518	1.000000	0.000316	0.9
33	-0.963824	1.000000	0.000298	0.8
34	-0.964115	1.000000	0.000286	0.8
35	-0.964395	1.000000	0.000274	0.7
36	-0.964665	1.000000	0.000264	0.7
37	-0.964923	1.000000	0.000253	0.7
38	-0.965158	1.000000	0.000242	0.8
39	-0.965384	1.000000	0.000232	0.8
40	-0.965610	1.000000	0.000221	0.9
41	-0.965816	1.000000	0.000213	1.1
42	-0.966016	1.000000	0.000207	0.8
43	-0.966219	1.000000	0.000200	0.7
44	-0.966414	1.000000	0.000192	0.8
45	-0.966590	1.000000	0.000182	0.8
46	-0.966768	1.000000	0.000176	0.8
47	-0.966930	1.000000	0.000170	0.7
48	-0.967096	1.000000	0.000162	0.7
49	-0.967254	1.000000	0.000156	0.7
50	-0.967407	1.000000	0.000151	0.8
51	-0.967545	1.000000	0.000146	0.8
52	-0.967679	1.000000	0.000143	0.8
53	-0.967820	1.000000	0.000140	0.7
54	-0.967947	1.000000	0.000137	0.7
55	-0.968083	1.000000	0.000133	0.8
56	-0.968213	1.000000	0.000128	0.7
57	-0.968338	1.000000	0.000124	0.7
58	-0.968459	1.000000	0.000119	0.7
59	-0.968577	1.000000	0.000119	0.8
60	-0.968689	1.000000	0.000121	0.8
61	-0.968795	1.000000	0.000122	0.9
62	-0.968901	1.000000	0.000126	1.1
63	-0.968987	1.000000	0.000127	0.8
64	-0.969086	1.000000	0.000120	0.7
65	-0.969166	1.000000	0.000118	0.7
66	-0.969263	1.000000	0.000120	0.7
67	-0.969354	1.000000	0.000128	0.7
68	-0.969437	1.000000	0.000135	0.8
69	-0.969520	1.000000	0.000136	0.8
70	-0.969605	1.000000	0.000136	0.9
71	-0.969691	1.000000	0.000135	0.9
72	-0.969779	1.000000	0.000134	1.0
73	-0.969867	1.000000	0.000134	0.7
74	-0.969949	1.000000	0.000138	0.7
75	-0.970042	1.000000	0.000138	0.7
76	-0.970140	1.000000	0.000142	0.7
77	-0.970231	1.000000	0.000147	0.7
78	-0.970329	1.000000	0.000147	0.7
79	-0.970428	1.000000	0.000149	0.7
80	-0.970538	1.000000	0.000145	0.7
81	-0.970649	1.000000	0.000144	0.9
82	-0.970775	1.000000	0.000142	0.8
83	-0.970896	1.000000	0.000144	1.0
84	-0.971019	1.000000	0.000145	0.7
85	-0.971143	1.000000	0.000143	0.7
86	-0.971271	1.000000	0.000144	0.7
87	-0.971400	1.000000	0.000141	0.8
88	-0.971533	1.000000	0.000136	0.6
89	-0.971648	1.000000	0.000139	0.7
90	-0.971781	1.000000	0.000134	0.7
91	-0.971893	1.000000	0.000130	0.7
92	-0.972018	1.000000	0.000129	0.7
93	-0.972124	1.000000	0.000127	0.8
94	-0.972240	1.000000	0.000125	0.7
95	-0.972338	1.000000	0.000132	0.7
96	-0.972431	1.000000	0.000135	0.7
97	-0.972521	1.000000	0.000129	0.7
98	-0.972609	1.000000	0.000132	0.7
99	-0.972683	1.000000	0.000137	0.7
100	-0.972761	1.000000	0.000138	0.7
101	-0.972825	1.000000	0.000140	0.7
102	-0.972903	0.500000	0.000142	0.9
103	-0.972951	0.500000	0.000094	0.8
104	-0.972998	0.500000	0.000093	1.0
105	-0.973044	0.500000	0.000091	0.7
106	-0.973088	0.500000	0.000089	0.8
107	-0.973132	0.500000	0.000089	0.7
108	-0.973176	0.500000	0.000087	0.7
109	-0.973220	0.500000	0.000087	0.7
110	-0.973253	0.500000	0.000084	0.7
111	-0.973295	0.500000	0.000083	0.7
112	-0.973327	0.500000	0.000082	0.7
113	-0.973367	0.500000	0.000080	0.8
114	-0.973407	0.500000	0.000078	0.8
115	-0.973445	0.500000	0.000078	0.8
116	-0.973483	0.500000	0.000076	0.7
117	-0.973521	0.500000	0.000076	0.7
118	-0.973566	0.500000	0.000075	0.6
119	-0.973603	0.500000	0.000074	0.7
120	-0.973639	0.500000	0.000073	0.7
121	-0.973675	0.500000	0.000072	0.7
122	-0.973711	0.500000	0.000072	0.7
123	-0.973746	0.500000	0.000070	0.7
124	-0.973780	0.500000	0.000069	0.8
125	-0.973813	0.500000	0.000068	0.8
126	-0.973847	0.500000	0.000068	1.0
127	-0.973880	0.500000	0.000068	0.7
128	-0.973913	0.500000	0.000068	0.7
129	-0.973944	0.500000	0.000068	0.7
130	-0.973973	0.500000	0.000072	0.8
131	-0.973999	0.500000	0.000076	0.7
132	-0.974023	0.500000	0.000078	0.7
133	-0.974048	0.500000	0.000078	0.8
134	-0.974072	0.500000	0.000079	0.7
135	-0.974086	0.500000	0.000080	0.7
136	-0.974117	0.500000	0.000081	0.7
137	-0.974122	0.500000	0.000078	0.7
138	-0.974154	0.500000	0.000073	0.7
139	-0.974169	0.500000	0.000072	0.7
140	-0.974194	0.500000	0.000072	0.7
141	-0.974216	0.500000	0.000076	0.8
142	-0.974237	0.500000	0.000075	0.7
143	-0.974250	0.500000	0.000072	0.8
144	-0.974271	0.500000	0.000073	0.7
145	-0.974292	0.500000	0.000072	0.9
146	-0.974314	0.500000	0.000069	1.1
147	-0.974344	0.500000	0.000068	0.8
148	-0.974358	0.500000	0.000068	0.7
149	-0.974387	0.500000	0.000070	0.8
150	-0.974407	0.500000	0.000072	0.8
151	-0.974426	0.500000	0.000071	0.8
152	-0.974447	0.500000	0.000068	0.8
153	-0.974467	0.500000	0.000068	0.8
154	-0.974488	0.500000	0.000068	0.8
155	-0.974507	0.500000	0.000071	0.8
156	-0.974526	0.500000	0.000073	0.8
157	-0.974545	0.500000	0.000074	0.9
158	-0.974562	0.250000	0.000076	0.8
159	-0.974576	0.250000	0.000052	0.8
160	-0.974589	0.250000	0.000051	7.4
161	-0.974601	0.250000	0.000050	12.7
162	-0.974614	0.250000	0.000049	4.2
163	-0.974626	0.250000	0.000048	1.7
164	-0.974638	0.250000	0.000048	1.0
165	-0.974650	0.250000	0.000048	2.0
166	-0.974661	0.250000	0.000048	2.0
167	-0.974673	0.250000	0.000048	3.0
168	-0.974685	0.250000	0.000048	4.0
169	-0.974697	0.250000	0.000048	3.9
170	-0.974709	0.250000	0.000047	4.4
171	-0.974712	0.250000	0.000048	4.2
172	-0.974724	0.250000	0.000048	4.6
173	-0.974736	0.250000	0.000048	2.4
174	-0.974748	0.250000	0.000047	1.6
175	-0.974759	0.250000	0.000046	1.0
176	-0.974770	0.250000	0.000046	0.8
177	-0.974774	0.250000	0.000046	0.8
178	-0.974785	0.250000	0.000046	0.7
179	-0.974797	0.250000	0.000047	0.7
180	-0.974808	0.250000	0.000047	1.0
181	-0.974819	0.250000	0.000047	1.1
182	-0.974831	0.250000	0.000046	0.9
183	-0.974842	0.250000	0.000045	0.8
184	-0.974853	0.250000	0.000046	0.7
185	-0.974864	0.250000	0.000046	0.7
186	-0.974875	0.250000	0.000046	0.7
187	-0.974887	0.250000	0.000046	0.8
188	-0.974898	0.250000	0.000047	0.7
189	-0.974901	0.250000	0.000047	0.8
190	-0.974913	0.250000	0.000046	0.8
191	-0.974924	0.250000	0.000046	0.9
192	-0.974936	0.250000	0.000046	0.8
193	-0.974947	0.250000	0.000046	0.9
194	-0.974958	0.250000	0.000046	0.7
195	-0.974969	0.250000	0.000045	0.7
196	-0.974980	0.250000	0.000044	0.7
197	-0.974991	0.250000	0.000044	0.7
198	-0.975001	0.250000	0.000043	0.7
199	-0.975012	0.250000	0.000043	0.7
200	-0.975022	0.250000	0.000043	0.8
201	-0.975033	0.250000	0.000042	1.0
202	-0.975043	0.250000	0.000042	1.1
203	-0.975053	0.250000	0.000042	0.9
204	-0.975063	0.250000	0.000041	0.8
205	-0.975074	0.250000	0.000041	0.7
206	-0.975084	0.250000	0.000042	0.7
207	-0.975086	0.250000	0.000042	0.8
208	-0.975096	0.250000	0.000043	0.8
209	-0.975107	0.250000	0.000043	0.7
210	-0.975109	0.250000	0.000043	0.7
211	-0.975120	0.250000	0.000043	0.7
212	-0.975131	0.250000	0.000043	0.8
213	-0.975141	0.250000	0.000043	0.7
214	-0.975152	0.250000	0.000043	0.8
215	-0.975163	0.250000	0.000045	0.7
216	-0.975174	0.250000	0.000046	0.7
217	-0.975184	0.250000	0.000044	0.8
218	-0.975195	0.250000	0.000043	0.7
219	-0.975205	0.250000	0.000043	0.8
220	-0.975206	0.250000	0.000042	0.7
221	-0.975216	0.250000	0.000042	0.9
222	-0.975227	0.250000	0.000042	0.9
223	-0.975237	0.250000	0.000042	0.9
224	-0.975247	0.250000	0.000041	0.7
225	-0.975257	0.250000	0.000041	0.8
226	-0.975259	0.250000	0.000040	0.7
227	-0.975269	0.250000	0.000040	0.7
228	-0.975279	0.250000	0.000040	0.7
229	-0.975280	0.250000	0.000040	0.7
230	-0.975290	0.250000	0.000041	0.7
231	-0.975300	0.250000	0.000041	0.7
232	-0.975310	0.250000	0.000041	0.8
233	-0.975320	0.250000	0.000041	0.8
234	-0.975330	0.250000	0.000041	0.8
235	-0.975340	0.250000	0.000040	0.7
236	-0.975350	0.250000	0.000041	0.7
237	-0.975360	0.250000	0.000042	0.8
238	-0.975370	0.250000	0.000041	0.7
239	-0.975379	0.250000	0.000041	0.8
240	-0.975389	0.250000	0.000042	0.7
241	-0.975398	0.250000	0.000041	0.8
242	-0.975408	0.250000	0.000040	0.9
243	-0.975418	0.250000	0.000041	1.2
244	-0.975420	0.250000	0.000042	0.9
245	-0.975430	0.250000	0.000041	0.7
246	-0.975439	0.250000	0.000039	0.7
247	-0.975449	0.250000	0.000040	0.7
248	-0.975458	0.250000	0.000040	0.7
249	-0.975467	0.250000	0.000038	0.7
250	-0.975476	0.250000	0.000038	0.8
251	-0.975485	0.250000	0.000038	0.9
252	-0.975494	0.250000	0.000038	0.7
253	-0.975503	0.250000	0.000040	0.8
254	-0.975512	0.250000	0.000038	0.8
255	-0.975521	0.250000	0.000037	0.8
256	-0.975530	0.250000	0.000039	0.8
257	-0.975530	0.250000	0.000039	0.7
258	-0.975547	0.250000	0.000040	0.7
259	-0.975556	0.250000	0.000041	0.7
260	-0.975557	0.250000	0.000041	0.7
261	-0.975559	0.250000	0.000042	0.8
262	-0.975576	0.250000	0.000041	0.9
263	-0.975577	0.250000	0.000040	0.8
264	-0.975586	0.250000	0.000042	1.1
265	-0.975595	0.250000	0.000041	0.7
266	-0.975604	0.250000	0.000041	0.7
267	-0.975621	0.250000	0.000042	0.7
268	-0.975630	0.250000	0.000042	0.7
269	-0.975639	0.250000	0.000042	0.7
270	-0.975647	0.250000	0.000043	0.7
271	-0.975656	0.250000	0.000043	0.8
272	-0.975664	0.250000	0.000042	0.8
273	-0.975672	0.250000	0.000039	0.8
274	-0.975681	0.250000	0.000041	0.8
275	-0.975689	0.250000	0.000040	0.7
276	-0.975697	0.250000	0.000040	0.7
277	-0.975705	0.250000	0.000042	0.7
278	-0.975713	0.250000	0.000039	0.7
279	-0.975721	0.250000	0.000039	0.7
280	-0.975729	0.250000	0.000039	0.7
281	-0.975737	0.250000	0.000040	0.6
282	-0.975745	0.250000	0.000041	0.8
283	-0.975754	0.250000	0.000040	1.0
284	-0.975763	0.250000	0.000039	0.9
285	-0.975772	0.250000	0.000042	0.7
286	-0.975781	0.250000	0.000043	0.8
287	-0.975789	0.250000	0.000042	0.8
288	-0.975798	0.250000	0.000043	0.8
289	-0.975807	0.250000	0.000042	0.7
290	-0.975816	0.250000	0.000043	0.7
291	-0.975824	0.250000	0.000040	0.7
292	-0.975833	0.250000	0.000039	0.7
293	-0.975840	0.250000	0.000040	0.7
294	-0.975848	0.250000	0.000040	0.7
295	-0.975852	0.250000	0.000041	0.7
296	-0.975859	0.250000	0.000039	0.8
297	-0.975867	0.250000	0.000037	0.7
298	-0.975875	0.250000	0.000038	0.7
299	-0.975883	0.250000	0.000035	0.7
300	-0.975890	0.250000	0.000035	0.7
301	-0.975891	0.250000	0.000036	0.7
302	-0.975898	0.250000	0.000037	0.7
303	-0.975905	0.250000	0.000037	0.7
304	-0.975904	0.250000	0.000036	0.9
305	-0.975912	0.250000	0.000035	1.0
306	-0.975919	0.250000	0.000037	0.8
307	-0.975926	0.250000	0.000034	0.7
308	-0.975933	0.250000	0.000035	0.8
309	-0.975940	0.250000	0.000035	0.7
310	-0.975947	0.250000	0.000035	0.7
311	-0.975954	0.250000	0.000036	0.7
312	-0.975960	0.250000	0.000036	0.7
313	-0.975967	0.250000	0.000036	0.7
314	-0.975974	0.250000	0.000036	0.8
315	-0.975982	0.250000	0.000036	0.8
316	-0.975989	0.250000	0.000038	0.8
317	-0.975996	0.250000	0.000039	0.8
318	-0.976002	0.250000	0.000039	0.8
319	-0.976008	0.250000	0.000043	0.7
320	-0.976015	0.250000	0.000039	0.7
321	-0.976022	0.250000	0.000037	0.7
322	-0.976029	0.250000	0.000039	0.7
323	-0.976035	0.250000	0.000039	0.7
324	-0.976042	0.250000	0.000038	0.7
325	-0.976050	0.250000	0.000038	0.7
326	-0.976048	0.250000	0.000041	0.8
327	-0.976046	0.250000	0.000042	1.1
328	-0.976043	0.250000	0.000042	0.9
329	-0.976049	0.250000	0.000041	0.7
330	-0.976063	0.250000	0.000040	0.7
331	-0.976062	0.250000	0.000041	0.7
332	-0.976076	0.250000	0.000041	0.7
333	-0.976082	0.250000	0.000042	0.7
334	-0.976089	0.250000	0.000042	0.7
335	-0.976095	0.250000	0.000042	0.8
336	-0.976093	0.250000	0.000041	0.8
337	-0.976099	0.250000	0.000040	0.7
338	-0.976105	0.250000	0.000040	0.7
339	-0.976110	0.250000	0.000043	0.7
340	-0.976130	0.125000	0.000045	0.8
341	-0.976119	0.125000	0.000030	0.7
342	-0.976130	0.125000	0.000030	0.7
343	-0.976134	0.125000	0.000030	0.7
344	-0.976145	0.125000	0.000030	0.7
345	-0.976148	0.125000	0.000031	0.7
346	-0.976152	0.125000	0.000030	0.8
347	-0.976155	0.125000	0.000031	1.0
348	-0.976159	0.125000	0.000031	0.8
349	-0.976162	0.125000	0.000030	0.8
350	-0.976166	0.125000	0.000031	0.7
351	-0.976170	0.125000	0.000031	0.7
352	-0.976173	0.125000	0.000033	0.7
353	-0.976184	0.125000	0.000032	0.7
354	-0.976187	0.125000	0.000032	0.8
355	-0.976190	0.125000	0.000031	0.7
356	-0.976194	0.125000	0.000032	0.7
357	-0.976197	0.125000	0.000031	0.7
358	-0.976200	0.125000	0.000029	0.7
359	-0.976204	0.125000	0.000029	0.8
360	-0.976207	0.125000	0.000029	0.8
361	-0.976211	0.125000	0.000029	0.8
362	-0.976214	0.125000	0.000029	0.8
363	-0.976218	0.125000	0.000030	0.8
364	-0.976221	0.125000	0.000032	0.8
365	-0.976225	0.125000	0.000032	0.8
366	-0.976228	0.125000	0.000031	0.8
367	-0.976232	0.125000	0.000032	0.9
368	-0.976227	0.125000	0.000033	1.1
369	-0.976231	0.125000	0.000032	1.6
370	-0.976234	0.125000	0.000030	1.8
371	-0.976238	0.125000	0.000031	1.9
372	-0.976241	0.125000	0.000032	1.8
373	-0.976245	0.125000	0.000031	1.1
374	-0.976249	0.125000	0.000030	2.1
375	-0.976244	0.125000	0.000030	1.2
376	-0.976248	0.125000	0.000030	1.0
377	-0.976251	0.125000	0.000029	2.2
378	-0.976247	0.125000	0.000030	2.5
379	-0.976250	0.125000	0.000030	1.8
380	-0.976254	0.125000	0.000030	1.8
381	-0.976257	0.125000	0.000032	2.0
382	-0.976260	0.125000	0.000031	2.7
383	-0.976271	0.125000	0.000029	2.2
384	-0.976274	0.125000	0.000030	4.1
385	-0.976278	0.125000	0.000031	3.3
386	-0.976280	0.125000	0.000030	1.8
387	-0.976284	0.125000	0.000029	1.6
388	-0.976279	0.125000	0.000029	1.7
389	-0.976282	0.125000	0.000030	2.4
390	-0.976286	0.125000	0.000030	0.9
391	-0.976289	0.125000	0.000031	0.9
392	-0.976292	0.125000	0.000030	1.2
393	-0.976296	0.125000	0.000030	1.8
394	-0.976299	0.125000	0.000031	2.3
395	-0.976303	0.125000	0.000033	2.6
396	-0.976306	0.125000	0.000031	10.1
397	-0.976310	0.125000	0.000029	2.7
398	-0.976313	0.125000	0.000030	1.8
399	-0.976317	0.125000	0.000030	3.5
400	-0.976312	0.125000	0.000030	2.2
401	-0.976308	0.125000	0.000031	5.0
402	-0.976312	0.125000	0.000032	3.5
403	-0.976315	0.125000	0.000033	1.1
404	-0.976319	0.125000	0.000032	2.6
405	-0.976323	0.125000	0.000032	2.6
406	-0.976327	0.125000	0.000032	7.1
407	-0.976331	0.125000	0.000033	1.0
408	-0.976335	0.125000	0.000033	0.9
409	-0.976339	0.125000	0.000033	0.9
410	-0.976343	0.125000	0.000032	2.1
411	-0.976346	0.125000	0.000031	1.1
412	-0.976350	0.125000	0.000031	1.5
413	-0.976353	0.125000	0.000031	1.8
414	-0.976357	0.125000	0.000031	2.4
415	-0.976361	0.125000	0.000032	1.1
416	-0.976364	0.125000	0.000032	1.0
417	-0.976368	0.125000	0.000031	3.3
418	-0.976372	0.125000	0.000032	3.0
419	-0.976375	0.125000	0.000031	1.5
420	-0.976378	0.125000	0.000030	1.6
421	-0.976382	0.125000	0.000030	2.0
422	-0.976385	0.125000	0.000030	2.5
423	-0.976389	0.125000	0.000030	1.4
424	-0.976393	0.125000	0.000030	1.6
425	-0.976388	0.125000	0.000030	1.5
426	-0.976392	0.125000	0.000030	1.2
427	-0.976395	0.125000	0.000030	1.0
428	-0.976399	0.125000	0.000030	1.0
429	-0.976402	0.125000	0.000029	1.5
430	-0.976406	0.125000	0.000029	1.0
431	-0.976409	0.125000	0.000029	1.0
432	-0.976413	0.125000	0.000030	1.7
433	-0.976408	0.125000	0.000028	2.2
434	-0.976419	0.125000	0.000027	2.3
435	-0.976422	0.125000	0.000027	1.4
436	-0.976417	0.125000	0.000027	1.0
437	-0.976420	0.125000	0.000026	1.4
438	-0.976424	0.125000	0.000027	1.6
439	-0.976419	0.125000	0.000027	3.2
440	-0.976422	0.125000	0.000027	1.4
441	-0.976425	0.125000	0.000027	2.0
442	-0.976428	0.125000	0.000028	3.5
443	-0.976431	0.125000	0.000028	1.6
444	-0.976435	0.125000	0.000028	1.6
445	-0.976438	0.125000	0.000028	0.7
446	-0.976441	0.125000	0.000028	0.8
447	-0.976445	0.125000	0.000028	1.2
448	-0.976448	0.125000	0.000029	1.1
449	-0.976451	0.125000	0.000029	0.9
450	-0.976454	0.125000	0.000030	1.1
451	-0.976458	0.125000	0.000030	1.6
452	-0.976461	0.125000	0.000030	1.2
453	-0.976465	0.125000	0.000030	1.7
454	-0.976468	0.125000	0.000030	1.5
455	-0.976471	0.125000	0.000030	1.7
456	-0.976475	0.125000	0.000030	1.7
457	-0.976478	0.125000	0.000027	1.2
458	-0.976481	0.125000	0.000027	1.4
459	-0.976476	0.125000	0.000027	1.3
460	-0.976479	0.125000	0.000028	1.4
461	-0.976482	0.125000	0.000027	1.2
462	-0.976485	0.125000	0.000027	1.2
463	-0.976488	0.125000	0.000027	1.1
464	-0.976491	0.125000	0.000029	1.3
465	-0.976493	0.125000	0.000027	1.5
466	-0.976497	0.125000	0.000026	1.6
467	-0.976500	0.125000	0.000029	1.3
468	-0.976502	0.125000	0.000028	1.4
469	-0.976505	0.125000	0.000026	1.2
470	-0.976508	0.125000	0.000029	1.3
471	-0.976511	0.125000	0.000028	1.3
472	-0.976514	0.125000	0.000026	1.4
473	-0.976517	0.125000	0.000029	1.3
474	-0.976519	0.125000	0.000028	1.1
475	-0.976522	0.125000	0.000026	1.2
476	-0.976525	0.125000	0.000027	1.2
477	-0.976528	0.125000	0.000030	1.6
478	-0.976531	0.125000	0.000029	1.6
479	-0.976534	0.125000	0.000026	1.3
480	-0.976529	0.125000	0.000027	1.2
481	-0.976533	0.125000	0.000030	0.8
482	-0.976535	0.125000	0.000029	1.1
483	-0.976539	0.125000	0.000028	1.3
484	-0.976542	0.125000	0.000028	1.4
485	-0.976546	0.125000	0.000032	1.3
486	-0.976549	0.125000	0.000031	1.2
487	-0.976552	0.125000	0.000029	1.2
488	-0.976556	0.125000	0.000033	1.3
489	-0.976559	0.125000	0.000030	1.2
490	-0.976562	0.125000	0.000030	1.6
491	-0.976566	0.125000	0.000030	1.5
492	-0.976570	0.125000	0.000030	1.1
493	-0.976573	0.125000	0.000029	1.2
494	-0.976577	0.125000	0.000032	1.1
495	-0.976580	0.125000	0.000030	1.2
496	-0.976583	0.125000	0.000031	1.4
497	-0.976587	0.125000	0.000031	1.3
498	-0.976590	0.125000	0.000030	1.2
499	-0.976594	0.125000	0.000030	1.1
